32
35
37
40
41
43
44
45
46
47
48
49
50
51
52
53
54
55
56
57
58
59
63
64
65
66
67
68
69
70
71
72
73
74
75
76
77
78
79
80
81
82
83
84
85
86
87
88
89
90
91
93
95
97
98
99
100
101
102
103
104
105
106
107
108
109
110
111
112
113
114
115
116
117
118
119
120
121
122
176
183
8451
19978
19979
20013
20202
20208
20214
20285
20301
20302
20307
20445
20463
20540
20572
20581
20648
20687
20808
20811
20840
20851
20934
21015
21021
21024
21046
21152
21160
21270
21442
21457
21462
21551
21578
22122
22238
22330
22768
22797
22987
23186
23384
23398
23436
23454
23485
23545
23601
23631
23792
24102
24120
24179
24230
24247
24266
24320
24322
24335
24341
24352
24378
24405
24425
24453
24515
24555
24577
24615
24674
25104
25110
25130
25215
25253
25773
25806
25918
25935
25968
25991
26041
26080
26102
26126
26174
26223
26242
26412
26465
26495
26631
26816
27169
27491
27604
27668
27844
28040
28201
28304
28369
28431
28436
28789
29256
29366
29702
29992
30005
30011
30830
31034
31186
31532
31561
31649
31995
32418
32479
32490
32622
33021
33258
33394
34425
34892
35302
35686
35748
35774
35821
35831
35843
35889
36133
36136
36229
36335
36339
36712
36724
36733
36807
36816
36820
36857
36879
36890
36895
37327
38081
38142
38376
38381
38453
38480
38500
38899
39029
39057
39118
39532
39640
40614
40664