32
35
37
40
41
43
44
45
46
47
48
49
50
51
52
53
54
55
56
57
58
59
63
64
65
66
67
68
69
70
71
72
73
74
75
76
77
78
79
80
81
82
83
84
85
86
87
88
89
90
91
93
95
97
98
99
100
101
102
103
104
105
106
107
108
109
110
111
112
113
114
115
116
117
118
119
120
121
122
176
177
183
8451
19968
19978
19979
20002
20010
20013
20202
20208
20214
20285
20301
20302
20307
20313
20445
20449
20463
20540
20559
20572
20581
20648
20687
20805
20811
20837
20840
20851
20934
20986
20998
21015
21021
21024
21035
21046
21066
21097
21152
21160
21270
21387
21407
21442
21457
21462
21495
21516
21548
21551
21578
22122
22238
22270
22330
22343
22352
22768
22788
22797
22833
22987
23186
23384
23398
23436
23450
23454
23485
23545
23601
23631
23792
24050
24067
24102
24103
24120
24179
24213
24230
24247
24266
24320
24322
24335
24341
24352
24378
24405
24425
24453
24515
24537
24555
24577
24615
24635
24674
24687
25104
25106
25130
25163
25215
25253
25260
25321
25346
25353
25509
25628
25720
25773
25806
25918
25925
25928
25935
25968
25991
26041
26080
26126
26174
26223
26242
26368
26377
26410
26412
26426
26465
26495
26579
26597
26631
26657
26684
26816
27169
27425
27490
27491
27493
27573
27604
27627
27668
27744
27844
27969
28040
28201
28210
28304
28369
28431
28436
28789
28857
28909
29256
29366
29575
29702
29992
30005
30011
30053
30333
30417
30456
30475
30495
30721
30828
30830
31034
31163
31186
31354
31532
31561
31574
31649
31895
31934
31995
32034
32418
32423
32441
32447
32479
32490
32534
32622
33021
33258
33394
33655
34425
34892
35270
35272
35282
35302
35686
35745
35748
35774
35782
35797
35821
35823
35831
35835
35843
35889
36127
36133
36136
36215
36229
36335
36339
36394
36712
36724
36733
36755
36807
36816
36817
36820
36827
36830
36857
36861
36864
36873
36879
36890
36895
37319
37325
37327
38081
38142
38169
38376
38381
38386
38388
38408
38453
38477
38480
38500
38556
38598
38899
39029
39030
39044
39057
39118
39532
39564
39640
40614
40664